<?xml version="1.0" encoding="UTF-8"?>
<document version="1.5.0">
  <chunk label="Chunk 1" enabled="true">
    <sensors next_id="1">
      <sensor id="0" label="ILCE-6000 (16mm)" type="frame">
        <resolution width="6000" height="4000"/>
        <property name="pixel_width" value="0.004"/>
        <property name="pixel_height" value="0.004"/>
        <property name="focal_length" value="16"/>
        <property name="layer_index" value="0"/>
        <bands>
          <band label="Red"/>
          <band label="Green"/>
          <band label="Blue"/>
        </bands>
        <data_type>uint8</data_type>
        <calibration type="frame" class="adjusted">
          <resolution width="6000" height="4000"/>
          <f>4000</f>
          <k1>-0.0413342667448891</k1>
          <k2>0.0332443958888574</k2>
          <p1>0.000407229960791074</p1>
          <p2>-0.000552750878420356</p2>
        </calibration>
        <covariance>
          <params>k1 k2 p1 p2</params>
          <coeffs>9.2433896366637241e-09 -4.1237632232821895e-09 -1.4368472426300164e-11 -3.6108420966882619e-10 -4.1237632232821895e-09 6.5866800487223057e-09 2.8789392932946403e-11 -3.5201308859962792e-11 -1.4368472426300164e-11 2.8789392932946403e-11 2.3273433033382209e-10 -3.4589463457635648e-12 -3.6108420966882619e-10 -3.5201308859962792e-11 -3.4589463457635648e-12 2.5090950158067397e-10</coeffs>
        </covariance>
      </sensor>
    </sensors>
    <cameras next_id="35" next_group_id="0">
      <camera id="0" sensor_id="0" label="DSC07208">
        <transform>9.9499653484755091e-01 -2.2780828086071368e-03 -9.9883461994877104e-02 -6.8368547488301479e+00 -1.5104198659133199e-02 -9.9167927466177419e-01 -1.2784396500876705e-01 -2.9100272729858907e+00 -9.8761120002915981e-02 1.2871296183762748e-01 -9.8675185058390191e-01 8.9242080713838079e-01 0 0 0 1</transform>
        <orientation>1</orientation>
      </camera>
      <camera id="1" sensor_id="0" label="DSC07209">
        <transform>9.9348623434252414e-01 -1.5450180812053103e-04 -1.1395208774350279e-01 -6.8152846341655406e+00 -1.1215865146301202e-02 -9.9527603370352047e-01 -9.6435580075036248e-02 -2.0593523808841994e+00 -1.1339888245010027e-01 9.7085492554655289e-02 -9.8879477172691821e-01 9.1251950142923566e-01 0 0 0 1</transform>
        <rotation_covariance>7.3806367883914698e-09 8.0673613092250902e-10 -1.1544033620426346e-09 8.0673613092250902e-10 4.3409006639848659e-09 2.8094168701046405e-10 -1.1544033620426344e-09 2.8094168701046411e-10 5.4274710956888035e-10</rotation_covariance>
        <location_covariance>1.0283968991505352e-06 9.5406296441268818e-08 2.3892974175192358e-07 9.5406296441268818e-08 1.5797127729593419e-06 1.1442745360922297e-07 2.3892974175192358e-07 1.1442745360922297e-07 1.2784763932269404e-07</location_covariance>
        <orientation>1</orientation>
      </camera>
      <camera id="2" sensor_id="0" label="DSC07210">
        <transform>9.9544033964736411e-01 3.8328897944381272e-03 -9.5309176675515694e-02 -6.9272534543550428e+00 -8.5300490391414219e-04 -9.9879468687889539e-01 -4.9075919197945336e-02 -1.2492741897981097e+00 -9.5382401864153504e-02 4.8933448870001520e-02 -9.9423725287091913e-01 9.9105070589957012e-01 0 0 0 1</transform>
        <rotation_covariance>9.7360556477992023e-09 7.5792897288634226e-10 -1.3463292229594794e-09 7.5792897288634237e-10 5.5385593807930533e-09 1.2443191394481148e-10 -1.3463292229594792e-09 1.2443191394481148e-10 5.9246777265913805e-10</rotation_covariance>
        <location_covariance>1.3248866990440666e-06 1.1867966854214169e-08 3.1259001294342827e-07 1.1867966854214169e-08 1.8146642453989495e-06 9.1537497675859089e-10 3.1259001294342827e-07 9.1537497675859089e-10 1.7625889056406122e-07</location_covariance>
        <orientation>1</orientation>
      </camera>
      <camera id="3" sensor_id="0" label="DSC07211">
        <transform>9.9688131446102823e-01 1.1826564645640088e-02 -7.8024209365650951e-02 -6.9478187827618081e+00 1.2839003531541715e-02 -9.9983960347245404e-01 1.2487085983647030e-02 -4.3794915639685783e-01 -7.7864015223782904e-02 -1.3449895788757278e-02 -9.9687325946506467e-01 1.0779684384748562e+00 0 0 0 1</transform>
        <rotation_covariance>1.2712728139484709e-08 1.0559469299350763e-09 -1.5947299470908723e-09 1.0559469299350763e-09 6.0835232058017624e-09 -2.9457664373181645e-10 -1.5947299470908721e-09 -2.9457664373181645e-10 6.5461433266021712e-10</rotation_covariance>
        <location_covariance>1.4708278889232400e-06 -4.0136107799272797e-08 3.2166204242373022e-07 -4.0136107799272797e-08 1.9945823434396304e-06 -1.7643280982479656e-07 3.2166204242373022e-07 -1.7643280982479656e-07 2.3641003711834272e-07</location_covariance>
        <orientation>1</orientation>
      </camera>
      <camera id="4" sensor_id="0" label="DSC07212">
        <transform>9.9945898679431022e-01 3.2880975317303857e-02 -7.5840508547614176e-04 -5.9223527935711573e+00 3.2876613267887655e-02 -9.9814409961014905e-01 5.1258996415056109e-02 -1.7956434031532163e-02 9.2844823473088524e-04 -5.1256198411780758e-02 -9.9868510558045653e-01 1.0583402518992742e+00 0 0 0 1</transform>
        <rotation_covariance>1.4687336325572825e-08 4.1937364477356093e-09 -1.1092719876878677e-09 4.1937364477356093e-09 7.6782971175821770e-09 -7.2327240832201492e-10 -1.1092719876878675e-09 -7.2327240832201502e-10 5.8380683759013983e-10</rotation_covariance>
        <location_covariance>1.4197293539326542e-06 1.4213530138141587e-07 1.2709678428056352e-07 1.4213530138141587e-07 2.1491780146984208e-06 -2.9877105298046396e-07 1.2709678428056352e-07 -2.9877105298046396e-07 2.7679705404060136e-07</location_covariance>
        <orientation>1</orientation>
      </camera>
      <camera id="5" sensor_id="0" label="DSC07213">
        <transform>9.9937865989307739e-01 1.6823226105465716e-02 -3.0972136085843250e-02 -5.8991112102261463e+00 1.6113330625916016e-02 -9.9960493207771639e-01 -2.3029119437005773e-02 -1.0775777337871326e+00 -3.1347324071689657e-02 2.2515746252530403e-02 -9.9925491564677138e-01 1.1241911102631690e+00 0 0 0 1</transform>
        <rotation_covariance>1.0508004957788302e-08 2.2775865758804679e-09 -8.0740232148396731e-10 2.2775865758804683e-09 6.6998357222753810e-09 -5.6750800313865639e-11 -8.0740232148396752e-10 -5.6750800313865665e-11 4.7279850810847352e-10</rotation_covariance>
        <location_covariance>1.2920722704895796e-06 3.5657170498686903e-08 1.5992186097324656e-07 3.5657170498686903e-08 1.8646315673197596e-06 -6.5210022977898863e-08 1.5992186097324656e-07 -6.5210022977898863e-08 1.9076172598542451e-07</location_covariance>
        <orientation>1</orientation>
      </camera>
      <camera id="6" sensor_id="0" label="DSC07214">
        <transform>9.9977364903267918e-01 2.2734208628399730e-03 -2.1153776434982188e-02 -5.7094578910676166e+00 5.7140668039166954e-04 -9.9678508406644206e-01 -8.0119720899798907e-02 -2.0474939596212018e+00 -2.1267914667084963e-02 8.0089498314301316e-02 -9.9656075984632131e-01 1.1646833464283128e+00 0 0 0 1</transform>
        <rotation_covariance>9.2051088853925482e-09 1.6672805350167538e-09 -4.5551723981091520e-10 1.6672805350167540e-09 6.7567951042888154e-09 4.5371735218491781e-10 -4.5551723981091520e-10 4.5371735218491776e-10 4.4921425242906804e-10</rotation_covariance>
        <location_covariance>1.2583844430939583e-06 7.5594871497351692e-08 1.6688787707551400e-07 7.5594871497351692e-08 1.9532960611482147e-06 1.0709349904826039e-07 1.6688787707551400e-07 1.0709349904826039e-07 1.7522794353361688e-07</location_covariance>
        <orientation>1</orientation>
      </camera>
      <camera id="7" sensor_id="0" label="DSC07215">
        <transform>9.9997009484266353e-01 -1.5353769825712420e-03 7.5797122554189843e-03 -4.3881869462844039e+00 -5.8318144632208682e-04 -9.9227434749628329e-01 -1.2406159438047591e-01 -3.3445879555752462e+00 7.7116353488883268e-03 1.2405346395142079e-01 -9.9224556877917036e-01 8.0150631792104965e-01 0 0 0 1</transform>
        <rotation_covariance>1.0280363288243457e-08 7.5009385202971162e-10 -1.0121022743200685e-10 7.5009385202971152e-10 8.9518885021547696e-09 9.8328826719056725e-10 -1.0121022743200681e-10 9.8328826719056746e-10 5.7122712276244833e-10</rotation_covariance>
        <location_covariance>1.1195678733246653e-06 7.7523500330969309e-08 1.1554212104799042e-07 7.7523500330969309e-08 2.2700231727680722e-06 3.5170956587190705e-07 1.1554212104799042e-07 3.5170956587190705e-07 1.9576777935063191e-07</location_covariance>
        <orientation>1</orientation>
      </camera>
      <camera id="8" sensor_id="0" label="DSC07216">
        <transform>9.9961877902171292e-01 -7.0134969458426327e-03 -2.6704072493357781e-02 -8.1485417621259593e-01 -9.8049932787184265e-03 -9.9433018793408967e-01 -1.0588361284807953e-01 -3.0008885772636296e+00 -2.5810051025601209e-02 1.0610508104491680e-01 -9.9401989569751947e-01 4.2017633490218809e-01 0 0 0 1</transform>
        <rotation_covariance>1.0697956357101568e-08 1.4805134095630838e-09 -3.6629726966221997e-10 1.4805134095630838e-09 1.4055954771594359e-08 7.4021556937326858e-10 -3.6629726966222003e-10 7.4021556937326807e-10 7.6039707296839952e-10</rotation_covariance>
        <location_covariance>6.4722310395425967e-07 -1.4816536418950795e-07 -9.4019247672867276e-08 -1.4816536418950795e-07 2.1946735195712336e-06 2.7728714020332112e-07 -9.4019247672867276e-08 2.7728714020332112e-07 2.9054993026089846e-07</location_covariance>
        <orientation>1</orientation>
      </camera>
      <camera id="9" sensor_id="0" label="DSC07217">
        <transform>9.9960624794562103e-01 1.3768692324984899e-02 -2.4449379945878549e-02 -1.2114403594179184e+00 1.3459164842770391e-02 -9.9982775041570038e-01 -1.2779686240874090e-02 -1.0263024490305539e+00 -2.4621128118206922e-02 1.2445585978167320e-02 -9.9961938128462025e-01 6.2053340145522351e-01 0 0 0 1</transform>
        <rotation_covariance>1.1760990420967742e-08 5.1006998486590111e-09 -8.4416299739121042e-10 5.1006998486590111e-09 1.3670749491717320e-08 -5.8883349580442909e-10 -8.4416299739121052e-10 -5.8883349580442909e-10 7.2719234135725483e-10</rotation_covariance>
        <location_covariance>6.8954018836779040e-07 -1.9211319784654018e-07 -1.1866001045406381e-07 -1.9211319784654018e-07 1.9148670568264547e-06 -8.1575029377281988e-08 -1.1866001045406381e-07 -8.1575029377281988e-08 3.6061444076101253e-07</location_covariance>
        <orientation>1</orientation>
      </camera>
      <camera id="10" sensor_id="0" label="DSC07218">
        <transform>9.9979361859122950e-01 9.4868383815608689e-03 -1.7964412647739961e-02 -1.2570799773702499e+00 1.0142899013714913e-02 -9.9927161169591039e-01 3.6788145621317103e-02 -2.7525181035995522e-01 -1.7602324387810748e-02 -3.6962764455324426e-02 -9.9916160465660731e-01 2.0382183720656263e-01 0 0 0 1</transform>
        <rotation_covariance>1.3623458633187139e-08 6.6702870647886427e-09 -1.2646391199607386e-09 6.6702870647886436e-09 1.3570787033339264e-08 -1.2156326463053187e-09 -1.2646391199607386e-09 -1.2156326463053185e-09 8.0191092408356025e-10</rotation_covariance>
        <location_covariance>6.2880453268189439e-07 -1.8988963638990900e-07 -9.3567845616116282e-08 -1.8988963638990900e-07 1.7658422555618263e-06 -1.7950163563337097e-07 -9.3567845616116282e-08 -1.7950163563337097e-07 3.3250836706401114e-07</location_covariance>
        <orientation>1</orientation>
      </camera>
      <camera id="11" sensor_id="0" label="DSC07219">
        <transform>9.9956879382395902e-01 2.4306507790889640e-02 -1.6474832088015708e-02 -1.3923129508298484e+00 2.5546247731920952e-02 -9.9648621028371109e-01 7.9766045039395966e-02 6.7508874286717946e-01 -1.4478108997248718e-02 -8.0152519569998831e-02 -9.9667745934502039e-01 2.2530435645172039e-01 0 0 0 1</transform>
        <rotation_covariance>1.6035884845829868e-08 8.2890439740211850e-09 -1.7982659722922323e-09 8.2890439740211833e-09 1.3432675435648499e-08 -1.7610120672681827e-09 -1.7982659722922323e-09 -1.7610120672681829e-09 9.3381726732826000e-10</rotation_covariance>
        <location_covariance>6.2055701094175924e-07 -1.7772385992934528e-07 -9.9852688605121192e-08 -1.7772385992934528e-07 1.7560679685854911e-06 -3.4086117971463565e-07 -9.9852688605121192e-08 -3.4086117971463565e-07 4.1673352018049516e-07</location_covariance>
        <orientation>1</orientation>
      </camera>
      <camera id="12" sensor_id="0" label="DSC07220">
        <transform>9.9943959811620620e-01 1.2565163167578698e-02 3.1025898728141540e-02 -3.0951259679981546e-01 1.0264167472562414e-02 -9.9726152145686686e-01 7.3240048386318465e-02 6.7581924307320218e-01 3.1861208128568554e-02 -7.2880549504701200e-02 -9.9683162516067925e-01 2.7672789156381161e-01 0 0 0 1</transform>
        <rotation_covariance>1.6229109934920263e-08 1.0562489702082073e-08 -1.4839894017275843e-09 1.0562489702082074e-08 1.8394457083089587e-08 -1.9449959572323509e-09 -1.4839894017275843e-09 -1.9449959572323509e-09 9.6981041673000635e-10</rotation_covariance>
        <location_covariance>6.2179755715742970e-07 -8.8528164142054489e-08 -1.9505419136600606e-07 -8.8528164142054489e-08 1.7708962164264041e-06 -3.6788827038818765e-07 -1.9505419136600606e-07 -3.6788827038818765e-07 5.9991840063703835e-07</location_covariance>
        <orientation>1</orientation>
      </camera>
      <camera id="13" sensor_id="0" label="DSC07221">
        <transform>9.9949489873422270e-01 3.4922542955681873e-03 3.1587205704228301e-02 -1.0068662638653644e-01 2.8338361544971670e-03 -9.9977828059881935e-01 2.0865258577787208e-02 -1.2456215239381262e-01 3.1653068996791010e-02 -2.0765206543724612e-02 -9.9928318780027559e-01 2.0571703109695633e-01 0 0 0 1</transform>
        <rotation_covariance>1.3156343886671314e-08 8.6527156889174591e-09 -8.3161821459318128e-10 8.6527156889174591e-09 1.8917384967369121e-08 -1.1223315883849619e-09 -8.3161821459318128e-10 -1.1223315883849619e-09 8.2399591697036681e-10</rotation_covariance>
        <location_covariance>5.8069993630337331e-07 -1.3847233354693641e-07 -1.7882931832650720e-07 -1.3847233354693641e-07 1.6122723250267979e-06 -2.0555274789144902e-07 -1.7882931832650720e-07 -2.0555274789144902e-07 5.1058813043879818e-07</location_covariance>
        <orientation>1</orientation>
      </camera>
      <camera id="14" sensor_id="0" label="DSC07222">
        <transform>9.9890222177665178e-01 8.4764528191860894e-03 4.6070609690695700e-02 -1.8158722742277475e-01 9.2660334601705023e-03 -9.9981336715522018e-01 -1.6952034734978499e-02 -9.5345557673621140e-01 4.5918318279128130e-02 1.7360316971329441e-02 -9.9879433690879105e-01 -6.0314239611791519e-02 0 0 0 1</transform>
        <rotation_covariance>1.0741952042460431e-08 6.7722977955956049e-09 -3.3775624935187848e-10 6.7722977955956057e-09 1.9588355702283600e-08 -4.2849456474177076e-10 -3.3775624935187842e-10 -4.2849456474177091e-10 7.3345846251081683e-10</rotation_covariance>
        <location_covariance>5.4132499508825336e-07 -1.5381943922768641e-07 -1.5117657051079055e-07 -1.5381943922768641e-07 1.4715727974822763e-06 -4.0049429676325002e-08 -1.5117657051079055e-07 -4.0049429676325002e-08 3.6620138974134943e-07</location_covariance>
        <orientation>1</orientation>
      </camera>
      <camera id="15" sensor_id="0" label="DSC07223">
        <transform>9.9937371291021493e-01 -2.2996008414924614e-02 2.6895455769165640e-02 7.5213545743147237e-01 -2.0576927598863211e-02 -9.9599583219800292e-01 -8.6999381002387757e-02 -2.2574614620192985e+00 2.8788400348778852e-02 8.6391468567146149e-02 -9.9584524006703479e-01 -5.1449527171816312e-01 0 0 0 1</transform>
        <rotation_covariance>9.9232830619295316e-09 3.7302180840655262e-09 -5.4495619625922455e-11 3.7302180840655262e-09 2.0918299877725211e-08 6.6000538843093042e-10 -5.4495619625922435e-11 6.6000538843093094e-10 8.6268191756348123e-10</rotation_covariance>
        <location_covariance>4.5622858589651275e-07 -2.3565608977785016e-07 -1.0574821572848820e-07 -2.3565608977785016e-07 1.6039449284623776e-06 1.7462616999855795e-07 -1.0574821572848820e-07 1.7462616999855795e-07 3.3279836144675466e-07</location_covariance>
        <orientation>1</orientation>
      </camera>
      <camera id="16" sensor_id="0" label="DSC07224">
        <transform>9.9982373501468036e-01 3.6492283116126437e-03 -1.8416895341564925e-02 4.5642671855455106e+00 1.5472506816642149e-03 -9.9360728309855195e-01 -1.1288123399769380e-01 -2.8025940832152614e+00 -1.8711090738396857e-02 1.1283284143476906e-01 -9.9343779119637665e-01 -1.0047780868938649e+00 0 0 0 1</transform>
        <rotation_covariance>1.1980024839620395e-08 1.9742505443767609e-09 -2.6425224628943185e-10 1.9742505443767613e-09 3.2164574567787089e-08 1.1569993259210191e-09 -2.6425224628943190e-10 1.1569993259210191e-09 1.4477659422527029e-09</rotation_covariance>
        <location_covariance>8.2000992672601649e-07 -3.3802645984397218e-07 8.1628552357337894e-08 -3.3802645984397218e-07 1.9858097615458380e-06 3.0137546492415702e-07 8.1628552357337894e-08 3.0137546492415702e-07 9.3092335458999282e-07</location_covariance>
        <orientation>1</orientation>
      </camera>
      <camera id="17" sensor_id="0" label="DSC07225">
        <transform>9.9988144668460199e-01 -1.9809651470471283e-03 1.5269851112380654e-02 4.2560196293704848e+00 -1.2538571487491616e-03 -9.9887137585721575e-01 -4.7480546915167711e-02 -1.2236506880881899e+00 1.5346674498360184e-02 4.7455771726936401e-02 -9.9875544019126239e-01 -5.6806385655232328e-01 0 0 0 1</transform>
        <rotation_covariance>1.1555033145667181e-08 7.8149843066799789e-09 -3.5310991880726986e-10 7.8149843066799772e-09 3.3070469700296022e-08 -4.3326693688343834e-10 -3.5310991880726991e-10 -4.3326693688343834e-10 1.2893785989137780e-09</rotation_covariance>
        <location_covariance>7.0320008597225924e-07 -2.9788315658732463e-07 1.4806128732871516e-08 -2.9788315658732463e-07 1.6401799280895513e-06 5.1312270920711754e-08 1.4806128732871516e-08 5.1312270920711754e-08 1.1494195953145872e-06</location_covariance>
        <orientation>1</orientation>
      </camera>
      <camera id="18" sensor_id="0" label="DSC07226">
        <transform>9.9995426364541262e-01 1.9428796970531189e-04 9.5620536259299008e-03 4.4283504358120620e+00 -2.4881841315282246e-05 -9.9973740894205310e-01 2.2915334226757875e-02 1.0996016405410747e-02 9.5639948899141573e-03 -2.2914524084407164e-02 -9.9969167976318118e-01 -2.5170135027311386e-01 0 0 0 1</transform>
        <rotation_covariance>1.4636309076835424e-08 1.2567608129879108e-08 -1.3673633843329355e-09 1.2567608129879110e-08 3.2789877319206730e-08 -2.4355300905703414e-09 -1.3673633843329353e-09 -2.4355300905703418e-09 1.4626741885676201e-09</rotation_covariance>
        <location_covariance>7.3417751893391605e-07 -2.5418841599151294e-07 3.7876179148875969e-08 -2.5418841599151294e-07 1.6823336883585010e-06 -2.2547540395056095e-07 3.7876179148875969e-08 -2.2547540395056095e-07 1.5684890337947825e-06</location_covariance>
        <orientation>1</orientation>
      </camera>
      <camera id="19" sensor_id="0" label="DSC07227">
        <transform>9.9956728984074505e-01 2.8901196223696590e-02 -5.4730190266912889e-03 4.4623043926542270e+00 2.9203629983899828e-02 -9.9731785721915933e-01 6.7113632501511922e-02 1.3851779376824891e+00 -3.5186753460081880e-03 -6.7244423773454381e-02 -9.9773032749094359e-01 1.0281046824088577e-02 0 0 0 1</transform>
        <rotation_covariance>1.8018719800064597e-08 1.5535691413351842e-08 -2.4608382185244205e-09 1.5535691413351838e-08 3.2196181699843828e-08 -3.7871632832794027e-09 -2.4608382185244205e-09 -3.7871632832794019e-09 1.7575373393743049e-09</rotation_covariance>
        <location_covariance>7.2479335749436291e-07 -2.3931945391063663e-07 7.4671965816062194e-08 -2.3931945391063663e-07 1.8367049755265062e-06 -4.5248146695555339e-07 7.4671965816062194e-08 -4.5248146695555339e-07 2.0381844476662281e-06</location_covariance>
        <orientation>1</orientation>
      </camera>
      <camera id="20" sensor_id="0" label="DSC07228">
        <transform>9.9856368858983657e-01 1.9985750915912641e-02 4.9710457553581347e-02 6.1493118308949741e+00 1.7519852674500923e-02 -9.9861768912216908e-01 4.9555683171182502e-02 8.6003080051214942e-01 5.0632149787690220e-02 -4.8613585885284527e-02 -9.9753351055252826e-01 -2.7730455952848859e-01 0 0 0 1</transform>
        <rotation_covariance>1.6865690438510662e-08 1.7334467285123888e-08 -1.4948092197031790e-09 1.7334467285123885e-08 4.4157272887340112e-08 -3.6312469340395010e-09 -1.4948092197031790e-09 -3.6312469340395018e-09 1.8499357867573182e-09</rotation_covariance>
        <location_covariance>1.1500438205208536e-06 -1.9520527660994867e-07 4.7862885142698313e-08 -1.9520527660994867e-07 1.7350958646167547e-06 -3.6637910268474228e-07 4.7862885142698313e-08 -3.6637910268474228e-07 2.6106042370567805e-06</location_covariance>
        <orientation>1</orientation>
      </camera>
      <camera id="21" sensor_id="0" label="DSC07229">
        <transform>9.9698879370385740e-01 3.5478069544017624e-02 -6.8953983281292902e-02 9.1004192274729618e+00 2.6113881437381775e-02 -9.9087265854840756e-01 -1.3224764548938225e-01 -4.2449111946761571e+00 -7.3016507895142024e-02 1.3004876440259175e-01 -9.8881540666201084e-01 -1.1618617678228562e+00 0 0 0 1</transform>
        <rotation_covariance>1.7582472776383378e-08 -4.8640511566753313e-09 -5.3967869528498256e-10 -4.8640511566753313e-09 4.9639034974131607e-08 1.8979600536703943e-09 -5.3967869528498256e-10 1.8979600536703951e-09 2.5749527561216280e-09</rotation_covariance>
        <location_covariance>2.3551142280189672e-06 -6.1799772314224897e-07 7.2728245011968616e-07 -6.1799772314224897e-07 3.0784160268226455e-06 6.7229165170498203e-07 7.2728245011968616e-07 6.7229165170498203e-07 3.1372781157680847e-06</location_covariance>
        <orientation>1</orientation>
      </camera>
      <camera id="22" sensor_id="0" label="DSC07230">
        <transform>9.9830374642598485e-01 4.0396012194064621e-03 -5.8080216027765030e-02 8.8318799455015373e+00 -1.9459506592443925e-03 -9.9471744974704401e-01 -1.0263239471418713e-01 -2.5472166572181574e+00 -5.8187998314733855e-02 1.0257132538251169e-01 -9.9302229585311896e-01 -1.3942460359827644e+00 0 0 0 1</transform>
        <rotation_covariance>1.1896756232287337e-08 2.6414560032065674e-09 -5.2967074239452511e-10 2.6414560032065674e-09 4.9156257714051110e-08 6.5945023078259829e-10 -5.2967074239452531e-10 6.5945023078259767e-10 2.2065399708999053e-09</rotation_covariance>
        <location_covariance>2.0825521483664030e-06 -4.5961159671653751e-07 8.0672547479201468e-07 -4.5961159671653751e-07 1.9403780471717115e-06 3.5319060813957990e-07 8.0672547479201468e-07 3.5319060813957990e-07 2.8551068066987822e-06</location_covariance>
        <orientation>1</orientation>
      </camera>
      <camera id="23" sensor_id="0" label="DSC07231">
        <transform>9.9836785323081556e-01 -1.9503980982909369e-02 -5.3677037559003847e-02 8.8030461476643893e+00 -2.2648345674512585e-02 -9.9802408859992353e-01 -5.8608625751673839e-02 -1.5206099013990728e+00 -5.2427874966473574e-02 5.9728663973927031e-02 -9.9683689971147715e-01 -1.4234005313326350e+00 0 0 0 1</transform>
        <rotation_covariance>1.1147715985168480e-08 8.2298862754906948e-09 -9.2345756792495463e-10 8.2298862754906964e-09 4.8668166131750082e-08 -1.1509723682399497e-09 -9.2345756792495443e-10 -1.1509723682399497e-09 2.1210732423885365e-09</rotation_covariance>
        <location_covariance>1.9313135214480087e-06 -4.3854882415009423e-07 8.9870381202896782e-07 -4.3854882415009423e-07 1.4946288931799449e-06 1.9700999194366176e-07 8.9870381202896782e-07 1.9700999194366176e-07 2.9934898478113313e-06</location_covariance>
        <orientation>1</orientation>
      </camera>
      <camera id="24" sensor_id="0" label="DSC07232">
        <transform>9.9851816628116552e-01 -1.5547748114900237e-02 -5.2151118253152190e-02 8.7558779037381971e+00 -1.5550650976903160e-02 -9.9987902001364737e-01 3.5012960836403902e-04 -5.5318353464516790e-01 -5.2150252738536060e-02 4.6137306350557049e-04 -9.9863914317144764e-01 -1.3457132939791321e+00 0 0 0 1</transform>
        <rotation_covariance>1.2409175038028904e-08 1.3221481223198655e-08 -1.9052335935038173e-09 1.3221481223198655e-08 4.7259587444915105e-08 -3.4839379537495605e-09 -1.9052335935038164e-09 -3.4839379537495601e-09 2.2793215327168110e-09</rotation_covariance>
        <location_covariance>1.7961568298935654e-06 -3.8117542636260602e-07 9.8218387510317703e-07 -3.8117542636260602e-07 1.2674096542174965e-06 -3.5824700721893393e-08 9.8218387510317703e-07 -3.5824700721893393e-08 3.2297061780269559e-06</location_covariance>
        <orientation>1</orientation>
      </camera>
      <camera id="25" sensor_id="0" label="DSC07233">
        <transform>9.9889230138143570e-01 -1.9870341825503485e-02 -4.2653719141913876e-02 8.6738248233790287e+00 -1.7195993881553295e-02 -9.9791709551924357e-01 6.2175302692165924e-02 6.9354193757589411e-01 -4.3800320036789742e-02 -6.1372958101875139e-02 -9.9715339440755069e-01 -1.3574167816693894e+00 0 0 0 1</transform>
        <rotation_covariance>1.7198368891877053e-08 1.8652481207403612e-08 -3.3392906354046133e-09 1.8652481207403609e-08 4.5980583622393261e-08 -5.6543644795280037e-09 -3.3392906354046129e-09 -5.6543644795280037e-09 2.7029010311064373e-09</rotation_covariance>
        <location_covariance>1.7759523719543791e-06 -3.2364335638884991e-07 1.0440322814209468e-06 -3.2364335638884991e-07 1.3361037242156645e-06 -2.4978272642265472e-07 1.0440322814209468e-06 -2.4978272642265472e-07 3.4697420727453133e-06</location_covariance>
        <orientation>1</orientation>
      </camera>
      <camera id="26" sensor_id="0" label="DSC07234">
        <transform>9.9369544994224945e-01 -2.2032507735839972e-02 -1.0992689100915916e-01 7.3156769995060094e+00 -1.2234456215207896e-02 -9.9595440563922000e-01 8.9023255214275732e-02 1.1370874495840624e+00 -1.1144357695797262e-01 -8.7117107910547997e-02 -9.8994491698483622e-01 -1.0445775204325236e+00 0 0 0 1</transform>
        <rotation_covariance>1.8506751880556220e-08 1.6673568119199911e-08 -4.7629018540477144e-09 1.6673568119199905e-08 3.3542624129318119e-08 -6.0249643817750799e-09 -4.7629018540477135e-09 -6.0249643817750791e-09 2.9508908115767436e-09</rotation_covariance>
        <location_covariance>1.4307157086926696e-06 -3.7186041410653458e-07 1.0338680566538111e-06 -3.7186041410653458e-07 1.4513806905513969e-06 -3.6695199619180307e-07 1.0338680566538111e-06 -3.6695199619180307e-07 2.7539831830517561e-06</location_covariance>
        <orientation>1</orientation>
      </camera>
      <camera id="27" sensor_id="0" label="DSC07235">
        <transform>9.9494071041605370e-01 -2.0419090047432233e-02 -9.8366882223815094e-02 7.0619793275079692e+00 -1.6828902702786079e-02 -9.9916648135199615e-01 3.7190463515413864e-02 2.4941103369328535e-01 -9.9044287016562510e-02 -3.5346899500607189e-02 -9.9445503965995097e-01 -9.1652228875503161e-01 0 0 0 1</transform>
        <rotation_covariance>1.4887055999314136e-08 1.3854695562465233e-08 -3.1540923700368333e-09 1.3854695562465233e-08 3.3850336081212801e-08 -4.1891550953995384e-09 -3.1540923700368333e-09 -4.1891550953995392e-09 2.2826481544502296e-09</rotation_covariance>
        <location_covariance>1.3096407791138534e-06 -3.7560051539263192e-07 8.7093875922417975e-07 -3.7560051539263192e-07 1.3803757500283585e-06 -2.3232752812675228e-07 8.7093875922417975e-07 -2.3232752812675228e-07 2.4690079946317917e-06</location_covariance>
        <orientation>1</orientation>
      </camera>
      <camera id="28" sensor_id="0" label="DSC07236">
        <transform>9.9250022860718845e-01 -1.4238341801557652e-02 -1.2141073196971228e-01 7.0458208275274163e+00 -1.5034353942667399e-02 -9.9987105531214582e-01 -5.6427786154126377e-03 -7.2326089957363138e-01 -1.2131473289013953e-01 7.4257909826477746e-03 -9.9258631524521646e-01 -8.4604863356858340e-01 0 0 0 1</transform>
        <rotation_covariance>1.1692829329011468e-08 1.0177961257494584e-08 -2.3632243397119380e-09 1.0177961257494587e-08 3.2289934522838477e-08 -2.8624723296831540e-09 -2.3632243397119380e-09 -2.8624723296831540e-09 2.0321683623062558e-09</rotation_covariance>
        <location_covariance>1.3567766738188247e-06 -4.3130781115816870e-07 8.7883097944927950e-07 -4.3130781115816870e-07 1.3397904443768104e-06 -1.0462078701613808e-07 8.7883097944927950e-07 -1.0462078701613808e-07 2.2472292117894305e-06</location_covariance>
        <orientation>1</orientation>
      </camera>
      <camera id="29" sensor_id="0" label="DSC07237">
        <transform>9.9237112193565358e-01 -5.2419646488323472e-03 -1.2317498997277215e-01 6.8854892902120861e+00 -1.2109209959253318e-02 -9.9840908413637541e-01 -5.5069662683975631e-02 -1.6280732644289513e+00 -1.2269035570221015e-01 5.6141094757624119e-02 -9.9085581902569486e-01 -9.4428898030085306e-01 0 0 0 1</transform>
        <rotation_covariance>1.0238964404177232e-08 6.6368923397547872e-09 -1.6452904127970055e-09 6.6368923397547872e-09 3.1846011186809860e-08 -1.2860834146484968e-09 -1.6452904127970051e-09 -1.2860834146484968e-09 1.8149027888391197e-09</rotation_covariance>
        <location_covariance>1.3812526274542638e-06 -4.0182274679137117e-07 7.6870688107063780e-07 -4.0182274679137117e-07 1.4541952313436622e-06 6.5022694344128669e-08 7.6870688107063780e-07 6.5022694344128669e-08 1.9164044909780977e-06</location_covariance>
        <orientation>1</orientation>
      </camera>
      <camera id="30" sensor_id="0" label="DSC07238">
        <transform>9.8235129928908327e-01 1.2887584472991934e-02 -1.8660073673890271e-01 5.1159722963491348e+00 5.4836257742979268e-03 -9.9917901736225023e-01 -4.0140018826296760e-02 -2.3767471555750688e+00 -1.8696484865722013e-01 3.8408351038016465e-02 -9.8161547661858062e-01 -1.2265694981519737e+00 0 0 0 1</transform>
        <rotation_covariance>9.8419639514784685e-09 4.2691876578231114e-09 -2.3135773857860284e-09 4.2691876578231106e-09 2.1045129994333706e-08 -1.4733351739812631e-09 -2.3135773857860280e-09 -1.4733351739812633e-09 1.7315398880797003e-09</rotation_covariance>
        <location_covariance>1.2735458267152515e-06 -4.7735814468004186e-07 4.8333174815510249e-07 -4.7735814468004186e-07 1.4918617978010972e-06 9.3623691749731992e-08 4.8333174815510249e-07 9.3623691749731992e-08 8.5518371771081014e-07</location_covariance>
        <orientation>1</orientation>
      </camera>
      <camera id="31" sensor_id="0" label="DSC07239">
        <transform>9.9065613639641426e-01 5.4345464281602279e-03 -1.3627503485690134e-01 2.2543890596494265e+00 -1.3213429583592358e-03 -9.9877641914650195e-01 -4.9436005195377705e-02 -2.4100655939208324e+00 -1.3637695359889773e-01 4.9154147963434258e-02 -9.8943680761586439e-01 -1.1560584547051755e+00 0 0 0 1</transform>
        <rotation_covariance>1.0432247676922635e-08 3.3003338839118962e-09 -1.7190798561537613e-09 3.3003338839118958e-09 1.6480393444458737e-08 -6.0938692914340585e-10 -1.7190798561537609e-09 -6.0938692914340585e-10 1.2403372901733150e-09</rotation_covariance>
        <location_covariance>7.4646123788399965e-07 -3.4433318523853027e-07 3.5848627967215986e-08 -3.4433318523853027e-07 1.6170432830740590e-06 1.9066660079074891e-07 3.5848627967215986e-08 1.9066660079074891e-07 3.3311832850138604e-07</location_covariance>
        <orientation>1</orientation>
      </camera>
      <camera id="32" sensor_id="0" label="DSC07240">
        <transform>9.9588548006368804e-01 1.7758441250305124e-02 -8.8863650401483030e-02 2.3329629955305098e+00 2.0275113527850622e-02 -9.9941620569419110e-01 2.7498501182046404e-02 -8.2585277329858953e-01 -8.8323441790672447e-02 -2.9187078651103471e-02 -9.9566414220361676e-01 -1.1289141371359779e+00 0 0 0 1</transform>
        <rotation_covariance>1.2003937399195174e-08 7.5373408340762242e-09 -2.1653248845481847e-09 7.5373408340762242e-09 1.9145924650875407e-08 -2.2079568556465476e-09 -2.1653248845481855e-09 -2.2079568556465484e-09 1.3460232670715260e-09</rotation_covariance>
        <location_covariance>5.2582919609461733e-07 -3.8426913468745556e-07 1.0172914193951774e-07 -3.8426913468745556e-07 1.3490387948431093e-06 -3.6634024971249479e-08 1.0172914193951774e-07 -3.6634024971249479e-08 4.4463765315471750e-07</location_covariance>
        <orientation>1</orientation>
      </camera>
      <camera id="33" sensor_id="0" label="DSC07241">
        <transform>9.9698371783714124e-01 2.6288849647694207e-02 -7.3023028914389457e-02 2.6172738354221083e+00 3.1939558093524494e-02 -9.9649417945838670e-01 7.7325383505980630e-02 5.6353606023653668e-01 -7.0734227898671551e-02 -7.9424471605151606e-02 -9.9432812608002852e-01 -1.0377465646434494e+00 0 0 0 1</transform>
        <rotation_covariance>1.6597876545533086e-08 1.1114061080797428e-08 -3.1721560183008866e-09 1.1114061080797428e-08 2.1039018456879751e-08 -3.4133691473118126e-09 -3.1721560183008866e-09 -3.4133691473118118e-09 1.6988076375074042e-09</rotation_covariance>
        <location_covariance>2.5022386949778954e-07 -5.6403060993974260e-07 2.1057893606618787e-07 -5.6403060993974249e-07 1.4250445901099085e-06 -1.9813580987992212e-07 2.1057893606618787e-07 -1.9813580987992206e-07 6.7486533735416547e-07</location_covariance>
        <orientation>1</orientation>
      </camera>
    </cameras>
    <reference>LOCAL_CS["Local Coordinates (m)",LOCAL_DATUM["Local Datum",0],UNIT["metre",1,AUTHORITY["EPSG","9001"]]]</reference>
    <region>
      <center>1.3761853842737291e+00 -4.9011441588685312e-01 -1.4407418246191103e+01</center>
      <size>3.0663857332865398e+01 1.9334648195902506e+01 5.8685646692911764e+00</size>
      <R>-9.9999659385723338e-01 -1.0132993777233412e-03 2.4053062804770837e-03 8.7874964830120228e-04 -9.9846966017776539e-01 -5.5295257514123473e-02 2.4576559945215168e-03 -5.5292955508533942e-02 9.9846714968402639e-01</R>
    </region>
    <settings>
      <property name="accuracy_tiepoints" value="1"/>
      <property name="accuracy_cameras" value="10"/>
      <property name="accuracy_cameras_ypr" value="10"/>
      <property name="accuracy_markers" value="0.005"/>
      <property name="accuracy_scalebars" value="0.001"/>
      <property name="accuracy_projections" value="0.1"/>
    </settings>
    <meta>
      <property name="AlignCameras/adaptive_fitting" value="true"/>
      <property name="AlignCameras/cameras" value=""/>
      <property name="AlignCameras/duration" value="5.331927"/>
      <property name="AlignCameras/network_distribute" value="true"/>
      <property name="AlignCameras/reset_alignment" value="true"/>
      <property name="OptimizeCameras/sigma0" value="0.153677293571696"/>
    </meta>
  </chunk>
</document>
